<?xml version="1.0"?>
<opencv_storage>
<old_ssim>8.8483889429491780e-001</old_ssim>
<old_ssim_cost>1.7599999999999999e-001</old_ssim_cost>
<new_ssim>8.9754750518436732e-001</new_ssim>
<new_ssim_cost>1.0500000000000000e+000</new_ssim_cost>
<Hash>1.</Hash>
<Dhash>5.</Dhash>
<Phash>2.</Phash>
<IQA>8.8483889429491780e-001</IQA>
<win_ssim>8.4375013478449767e-001</win_ssim>
<Nc>9.9805377783087579e-001</Nc>
</opencv_storage>
