<?xml version="1.0"?>
<opencv_storage>
<old_ssim>9.8130630830946930e-001</old_ssim>
<old_ssim_cost>6.3000000000000000e-002</old_ssim_cost>
<new_ssim>9.8506264300333535e-001</new_ssim>
<new_ssim_cost>1.0100000000000001e-001</new_ssim_cost>
<Hash>0.</Hash>
<Dhash>4.</Dhash>
<Phash>1.</Phash>
<IQA>9.8130630830946930e-001</IQA>
<win_ssim>9.7307286802505222e-001</win_ssim>
<Nc>9.9988833372266517e-001</Nc>
</opencv_storage>
